2.105228860194363705e+01
1.890136556388381450e+01
1.751813911176445870e+01
1.652604753665086790e+01
1.576832158305264997e+01
1.516507049355929482e+01
1.467038841684112960e+01
1.425565272908248104e+01
1.390191587133871920e+01
1.359604369301725058e+01
1.332859177115580529e+01
1.309256243512652773e+01
1.288263991747153980e+01
1.269469990053202579e+01
1.252548393857449405e+01
1.237237685515053265e+01
1.223325061335206954e+01
1.210635234411335404e+01
1.199022245693825184e+01
1.188363369438531869e+01
1.178554506301924398e+01
1.169506653115085371e+01
1.161143161244744526e+01
1.153397584479963989e+01
1.146211971562344090e+01
1.139535496814422899e+01
1.133323354938393912e+01
1.127535859635722204e+01
1.122137703515258700e+01
1.117097346224746701e+01
1.112386505267770609e+01
1.107979729534674362e+01
1.103854040173938067e+01
1.099988626489296450e+01
1.096364587247780520e+01
1.092964709443041116e+01
1.089773277355679504e+01
1.086775910355204644e+01
1.083959419289074688e+01
1.081311683644980981e+01
1.078821543358499824e+01
1.076478703916850321e+01
1.074273655076082612e+01
1.072197595799690895e+01
1.070242370620441186e+01
1.068400411188136445e+01
1.066664685920056321e+01
1.065028653672305659e+01
1.063486223249804752e+01
1.062031717067125136e+01
1.060659836542982504e+01
1.059365634045470905e+01
1.058144486161353903e+01
1.056992067153768389e+01
1.055904328792646929e+01
1.054877479360371595e+01
1.053907965032449745e+01
1.052992453835369879e+01
1.052127819531971298e+01
1.051311127729266914e+01
1.050539622877631807e+01
1.049810716267750088e+01
1.049121974971527749e+01
1.048471111727179839e+01
1.047855975504965009e+01
1.047274542775305939e+01
1.046724909405432058e+01
1.046205283131616248e+01
1.045713976589524208e+01
1.045249400880459945e+01
1.044810059153644133e+01
1.044394541357221762e+01
1.044001519029557556e+01
1.043629740125503602e+01
1.043278024481268673e+01
1.042945259532140589e+01
1.042630396287226446e+01
1.042332445559177856e+01
1.042050474431225382e+01
1.041783602944737375e+01
1.041531000992523026e+01
1.041291885403144768e+01
1.041065517204452817e+01
1.040851199050096554e+01
1.040648272807583652e+01
1.040456117287552118e+01
1.040274146110308173e+01
1.040101805700011717e+01
1.039938573398331201e+01
1.039783955690176498e+01
1.039637486533859700e+01
1.039498725790372191e+01
1.039367257744470230e+01
1.039242689712545520e+01
1.039124650731939958e+01
1.039012790326827052e+01
1.038906777346017307e+01
1.038806298868423283e+01
1.038711059172062967e+01
1.038620778762893160e+01
1.038535193459778228e+01
1.038454053532380250e+01
1.038377122888762649e+01
1.038304178309841852e+01
1.038235008727867914e+01
1.038169414546380409e+01
1.038107206999217347e+01
1.038048207546263413e+01
1.037992247303785298e+01
1.037939166507357669e+01
1.037888814005454918e+01
1.037841046781921328e+01
1.037795729505652709e+01
1.037752734105882091e+01
1.037711939371601311e+01
1.037673230573701133e+01
1.037636499108522870e+01
1.037601642161559390e+01
1.037568562390180560e+01
1.037537167624230960e+01
1.037507370583488253e+01
1.037479088611036460e+01
1.037452243421581777e+01
1.037426760863890074e+01
1.037402570696510118e+01
1.037379606376059193e+01
1.037357804857274957e+01
1.037337106404235421e+01
1.037317454412059980e+01
1.037298795238518956e+01
1.037281078044953908e+01
1.037264254646009221e+01
1.037248279367666370e+01
1.037233108913080493e+01
1.037218702235820800e+01
1.037205020420057799e+01
1.037192026567318237e+01
1.037179685689441477e+01
1.037167964607380455e+01
1.037156831855524075e+01
1.037146257591200715e+01
1.037136213509132254e+01
1.037126672760505919e+01
1.037117609876419166e+01
1.037109000695489769e+01
1.037100822295309044e+01
1.037093052927664694e+01
1.037085671957172828e+01
1.037078659803229641e+01
1.037071997885089480e+01
1.037065668569833043e+01
1.037059655123132984e+01
1.037053941662660250e+01
1.037048513113945702e+01
1.037043355168557390e+01
1.037038454244548902e+01
1.037033797448966688e+01
1.037029372542339090e+01
1.037025167905025036e+01
1.037021172505360944e+01
1.037017375869465496e+01
1.037013768052628748e+01
1.037010339612186982e+01
1.037007081581847423e+01
1.037003985447317334e+01
1.037001043123234467e+01
1.036998246931264234e+01
1.036995589579380450e+01
1.036993064142174781e+01
1.036990664042214227e+01
1.036988383032361405e+01
1.036986215179003601e+01
1.036984154846138928e+01
1.036982196680297186e+01
1.036980335596240721e+01
1.036978566763380805e+01
1.036976885592904551e+01
1.036975287725564066e+01
1.036973769020094061e+01
1.036972325542190454e+01
1.036970953554114239e+01
1.036969649504757385e+01
1.036968410020274511e+01
1.036967231895146035e+01
1.036966112083728042e+01
1.036965047692214448e+01
1.036964035971015008e+01
1.036963074307520394e+01
1.036962160219234974e+01
1.036961291347238401e+01
1.036960465450020230e+01
1.036959680397579575e+01
1.036958934165866886e+01
1.036958224831454878e+01
1.036957550566539332e+01
1.036956909634127832e+01
1.036956300383540786e+01
1.036955721246069650e+01
1.036955170730910680e+01
1.036954647421246989e+01
1.036954149970602224e+01
1.036953677099297266e+01
1.036953227591142124e+01
1.036952800290256427e+01
1.036952394098095276e+01
1.036952007970560530e+01
1.036951640915313178e+01
1.036951291989193358e+01
1.036950960295783553e+01
1.036950644983061665e+01
1.036950345241216809e+01
1.036950060300544507e+01
1.036949789429451485e+01
1.036949531932563495e+01
1.036949287148937948e+01
1.036949054450340135e+01
1.036948833239622836e+01
1.036948622949189591e+01
1.036948423039538980e+01
1.036948232997836428e+01
1.036948052336633097e+01
1.036947880592580873e+01
1.036947717325244156e+01
1.036947562115973476e+01
1.036947414566810366e+01
1.036947274299479993e+01
1.036947140954398172e+01
1.036947014189760630e+01
1.036946893680651094e+01
1.036946779118222395e+01
1.036946670208878096e+01
1.036946566673529979e+01
1.036946468246885722e+01
1.036946374676757898e+01
1.036946285723414896e+01
1.036946201158970204e+01
1.036946120766793555e+01
1.036946044340952255e+01
1.036945971685684498e+01
1.036945902614902870e+01
1.036945836951702127e+01
1.036945774527915276e+01
1.036945715183680861e+01
1.036945658767029599e+01
1.036945605133493764e+01
1.036945554145741610e+01
1.036945505673220325e+01
1.036945459591816032e+01
1.036945401929613553e+01
1.036945361630192508e+01
1.036945323199416791e+01
1.036945286567512881e+01
1.036945251663706102e+01
1.036945221925987326e+01
1.036945188943257534e+01
1.036945157730604805e+01
1.036945106411664774e+01
1.036945106411664774e+01
1.036945106411664774e+01
1.036945106411665840e+01
1.036945106411664419e+01
1.036945106411665130e+01
1.036945106411665485e+01
1.036945106411665485e+01
1.036945106411666018e+01
1.036945106411663353e+01
1.036945106411665485e+01
1.036945106411664597e+01
1.036945106411665485e+01
1.036945106411665485e+01
1.036945106411664597e+01
1.036945106411665840e+01
1.036945106411665130e+01
1.036945106411664774e+01
1.036945106411664774e+01
1.036945106411666373e+01
1.036945106411666551e+01
1.036945106411667261e+01
1.036945106411667972e+01
1.036945106411665840e+01
1.036945106411664774e+01
1.036945106411665840e+01
1.036945106411665485e+01
1.036945106411665662e+01
1.036945106411668327e+01
1.036945106411666373e+01
1.036945106411666373e+01
1.036945106411667261e+01
1.036945106411666018e+01
1.036945106411666551e+01
1.036945106411669038e+01
1.036945106411667972e+01
1.036945106411668682e+01
1.036945106411668682e+01
1.036945106411668682e+01
1.036945106411668327e+01
1.036945106411667084e+01
1.036945106411666728e+01
1.036945106411666373e+01
1.036945106411666906e+01
1.036945106411668860e+01
1.036945106411667439e+01
1.036945106411667794e+01
1.036945106411667084e+01
1.036945106411668860e+01
1.036945106411668149e+01
1.036945106411669393e+01
1.036945106411668149e+01
1.036945106411666728e+01
1.036945106411669038e+01
1.036945106411667972e+01
1.036945106411669215e+01
1.036945106411669926e+01
1.036945106411669215e+01
1.036945106411669038e+01
1.036945106411670459e+01
1.036945106411669393e+01
1.036945106411668682e+01
1.036945106411668327e+01
1.036945106411669748e+01
1.036945106411669748e+01
1.036945106411670103e+01
1.036945106411670814e+01
1.036945106411671347e+01
1.036945106411670992e+01
1.036945106411670459e+01
1.036945106411669570e+01
1.036945106411669038e+01
1.036945106411670103e+01
1.036945106411671524e+01
1.036945106411671702e+01
1.036945106411671524e+01
1.036945106411670459e+01
1.036945106411672057e+01
1.036945106411671169e+01
1.036945106411670636e+01
1.036945106411671702e+01
1.036945106411671347e+01
1.036945106411670992e+01
1.036945106411672057e+01
1.036945106411671702e+01
1.036945106411672590e+01
1.036945106411672413e+01
1.036945106411671702e+01
1.036945106411671702e+01
1.036945106411672768e+01
1.036945106411674544e+01
1.036945106411672946e+01
1.036945106411672413e+01
1.036945106411672057e+01
1.036945106411671524e+01
1.036945106411671702e+01
1.036945106411672768e+01
1.036945106411674367e+01
1.036945106411674367e+01
1.036945106411673478e+01
1.036945106411672413e+01
1.036945106411673478e+01
1.036945106411674367e+01
1.036945106411673478e+01
1.036945106411674189e+01
1.036945106411672413e+01
1.036945106411672413e+01
1.036945106411673834e+01
1.036945106411674189e+01
1.036945106411674367e+01
1.036945106411675255e+01
1.036945106411674011e+01
1.036945106411673478e+01
1.036945106411675077e+01
1.036945106411673834e+01
1.036945106411674544e+01
1.036945106411672057e+01
1.036945106411674367e+01
1.036945106411674011e+01
1.036945106411675077e+01
1.036945106411676143e+01
1.036945106411676143e+01
1.036945106411675255e+01
1.036945106411676498e+01
1.036945106411677209e+01
1.036945106411676498e+01
1.036945106411677386e+01
1.036945106411675610e+01
1.036945106411676498e+01
1.036945106411675788e+01
1.036945106411675610e+01
1.036945106411677386e+01
1.036945106411676676e+01
1.036945106411677209e+01
1.036945106411676853e+01
1.036945106411675432e+01
1.036945106411678985e+01
1.036945106411677386e+01
1.036945106411677031e+01
1.036945106411678097e+01
1.036945106411677564e+01
1.036945106411677031e+01
1.036945106411677209e+01
1.036945106411677742e+01
1.036945106411677209e+01
1.036945106411678985e+01
1.036945106411678097e+01
1.036945106411678097e+01
1.036945106411678452e+01
1.036945106411677386e+01
1.036945106411678275e+01
1.036945106411678097e+01
1.036945106411678630e+01
1.036945106411678807e+01
1.036945106411679518e+01
1.036945106411679163e+01
1.036945106411678807e+01
1.036945106411679340e+01
1.036945106411679518e+01
1.036945106411677386e+01
1.036945106411679518e+01
1.036945106411679518e+01
1.036945106411678275e+01
1.036945106411678985e+01
1.036945106411678452e+01
1.036945106411679163e+01
1.036945106411680584e+01
1.036945106411679340e+01
1.036945106411679518e+01
1.036945106411678452e+01
1.036945106411679518e+01
1.036945106411678630e+01
1.036945106411678630e+01
1.036945106411679873e+01
1.036945106411680406e+01
1.036945106411678807e+01
1.036945106411679873e+01
1.036945106411680761e+01
1.036945106411679873e+01
1.036945106411680406e+01
1.036945106411681117e+01
1.036945106411680229e+01
1.036945106411681472e+01
1.036945106411680761e+01
1.036945106411681650e+01
1.036945106411681827e+01
1.036945106411680406e+01
1.036945106411683071e+01
1.036945106411681472e+01
1.036945106411680584e+01
1.036945106411680051e+01
1.036945106411681472e+01
1.036945106411682183e+01
1.036945106411680406e+01
1.036945106411680939e+01
1.036945106411682538e+01
1.036945106411682005e+01
1.036945106411680406e+01
1.036945106411681117e+01
1.036945106411681827e+01
1.036945106411682183e+01
1.036945106411682893e+01
1.036945106411682538e+01
1.036945106411682183e+01
1.036945106411681827e+01
1.036945106411682538e+01
1.036945106411682183e+01
1.036945106411682183e+01
1.036945106411682005e+01
1.036945106411682538e+01
1.036945106411681827e+01
1.036945106411681827e+01
1.036945106411682360e+01
1.036945106411681827e+01
1.036945106411682538e+01
1.036945106411682893e+01
1.036945106411684137e+01
1.036945106411681827e+01
1.036945106411683071e+01
1.036945106411682538e+01
1.036945106411684137e+01
1.036945106411683426e+01
1.036945106411684492e+01
1.036945106411683071e+01
1.036945106411683781e+01
1.036945106411684137e+01
1.036945106411685025e+01
1.036945106411685735e+01
1.036945106411684492e+01
1.036945106411683781e+01
1.036945106411682538e+01
1.036945106411684137e+01
1.036945106411682893e+01
1.036945106411683959e+01
1.036945106411684847e+01
1.036945106411682893e+01
1.036945106411684137e+01
1.036945106411685202e+01
1.036945106411685558e+01
1.036945106411685735e+01
1.036945106411685202e+01
1.036945106411683604e+01
1.036945106411684669e+01
1.036945106411685202e+01
1.036945106411686091e+01
1.036945106411685558e+01
1.036945106411685202e+01
1.036945106411684847e+01
1.036945106411686091e+01
1.036945106411685202e+01
1.036945106411684492e+01
1.036945106411684137e+01
1.036945106411684847e+01
1.036945106411685202e+01
1.036945106411683959e+01
1.036945106411685558e+01
1.036945106411685202e+01
1.036945106411686268e+01
1.036945106411685558e+01
1.036945106411685558e+01
1.036945106411685202e+01
1.036945106411685380e+01
1.036945106411685735e+01
1.036945106411684669e+01
1.036945106411686979e+01
1.036945106411686268e+01
1.036945106411684137e+01
1.036945106411687156e+01
1.036945106411686979e+01
1.036945106411685202e+01
1.036945106411685558e+01
1.036945106411686091e+01
1.036945106411686801e+01
1.036945106411685913e+01
1.036945106411686623e+01
1.036945106411686801e+01
1.036945106411686446e+01
1.036945106411686801e+01
1.036945106411686979e+01
1.036945106411686623e+01
1.036945106411686091e+01
1.036945106411686623e+01
1.036945106411684314e+01
1.036945106411686801e+01
1.036945106411686801e+01
1.036945106411686446e+01
1.036945106411685735e+01
1.036945106411688577e+01
1.036945106411689110e+01
1.036945106411688933e+01
1.036945106411688577e+01
1.036945106411688045e+01
1.036945106411686801e+01
1.036945106411687512e+01
1.036945106411688400e+01
1.036945106411689110e+01
1.036945106411688222e+01
1.036945106411687512e+01
1.036945106411687512e+01
1.036945106411688222e+01
1.036945106411689466e+01
1.036945106411689110e+01
1.036945106411687867e+01
1.036945106411688222e+01
1.036945106411689110e+01
1.036945106411688222e+01
1.036945106411688222e+01
1.036945106411687867e+01
1.036945106411689110e+01
1.036945106411688755e+01
1.036945106411689821e+01
1.036945106411688755e+01
1.036945106411689821e+01
1.036945106411689110e+01
1.036945106411688577e+01
1.036945106411689821e+01
1.036945106411689466e+01
1.036945106411690531e+01
1.036945106411690354e+01
1.036945106411689466e+01
1.036945106411689999e+01
1.036945106411690176e+01
1.036945106411690887e+01
1.036945106411690354e+01
1.036945106411689466e+01
1.036945106411690354e+01
1.036945106411689999e+01
1.036945106411690531e+01
1.036945106411689466e+01
1.036945106411690709e+01
1.036945106411690531e+01
1.036945106411691597e+01
1.036945106411690709e+01
1.036945106411691242e+01
1.036945106411691597e+01
1.036945106411691420e+01
1.036945106411692130e+01
1.036945106411690176e+01
1.036945106411691242e+01
1.036945106411691420e+01
1.036945106411691953e+01
1.036945106411690531e+01
1.036945106411691242e+01
1.036945106411690887e+01
1.036945106411691242e+01
1.036945106411692130e+01
1.036945106411692130e+01
1.036945106411692841e+01
1.036945106411693907e+01
1.036945106411691420e+01
1.036945106411693196e+01
1.036945106411691597e+01
1.036945106411692841e+01
1.036945106411693196e+01
1.036945106411691597e+01
1.036945106411691420e+01
1.036945106411693551e+01
1.036945106411693551e+01
1.036945106411693018e+01
1.036945106411693018e+01
1.036945106411692130e+01
1.036945106411694617e+01
1.036945106411692841e+01
1.036945106411691242e+01
1.036945106411692841e+01
1.036945106411692841e+01
1.036945106411692663e+01
1.036945106411692663e+01
1.036945106411694084e+01
1.036945106411692663e+01
1.036945106411693018e+01
1.036945106411694439e+01
1.036945106411693907e+01
1.036945106411693729e+01
1.036945106411694262e+01
1.036945106411693907e+01
1.036945106411694262e+01
1.036945106411694439e+01
1.036945106411693196e+01
1.036945106411694262e+01
1.036945106411694262e+01
1.036945106411694262e+01
1.036945106411694439e+01
1.036945106411694262e+01
1.036945106411694262e+01
1.036945106411693907e+01
1.036945106411694617e+01
1.036945106411694617e+01
1.036945106411694795e+01
1.036945106411695861e+01
1.036945106411693551e+01
1.036945106411694262e+01
1.036945106411695150e+01
1.036945106411695683e+01
1.036945106411695505e+01
1.036945106411694972e+01
1.036945106411695861e+01
1.036945106411695505e+01
1.036945106411694617e+01
1.036945106411695150e+01
1.036945106411695861e+01
1.036945106411695683e+01
1.036945106411693907e+01
1.036945106411696393e+01
1.036945106411696749e+01
1.036945106411695505e+01
1.036945106411697104e+01
1.036945106411696393e+01
1.036945106411697104e+01
1.036945106411697104e+01
1.036945106411697104e+01
1.036945106411696926e+01
1.036945106411696926e+01
1.036945106411696216e+01
1.036945106411698170e+01
1.036945106411697104e+01
1.036945106411698170e+01
1.036945106411697104e+01
1.036945106411698170e+01
1.036945106411697459e+01
1.036945106411697815e+01
1.036945106411697637e+01
1.036945106411696926e+01
1.036945106411698880e+01
1.036945106411697459e+01
1.036945106411697815e+01
1.036945106411699058e+01
1.036945106411698880e+01
1.036945106411697459e+01
1.036945106411698525e+01
1.036945106411697815e+01
1.036945106411698880e+01
1.036945106411696926e+01
1.036945106411698525e+01
1.036945106411699236e+01
1.036945106411698525e+01
1.036945106411697459e+01
1.036945106411698880e+01
1.036945106411699236e+01
1.036945106411697637e+01
1.036945106411698880e+01
1.036945106411697459e+01
1.036945106411699236e+01
1.036945106411699946e+01
1.036945106411699769e+01
1.036945106411699058e+01
1.036945106411699946e+01
1.036945106411700834e+01
1.036945106411698703e+01
1.036945106411700479e+01
1.036945106411700834e+01
1.036945106411699236e+01
1.036945106411700124e+01
1.036945106411700834e+01
1.036945106411701367e+01
1.036945106411702788e+01
1.036945106411701722e+01
1.036945106411701545e+01
1.036945106411702788e+01
1.036945106411701545e+01
1.036945106411702255e+01
1.036945106411704032e+01
1.036945106411702611e+01
1.036945106411702788e+01
1.036945106411702788e+01
1.036945106411702611e+01
1.036945106411701722e+01
1.036945106411700657e+01
1.036945106411702788e+01
1.036945106411701722e+01
1.036945106411701545e+01
1.036945106411702078e+01
1.036945106411702788e+01
1.036945106411701722e+01
1.036945106411702433e+01
1.036945106411701545e+01
1.036945106411703676e+01
1.036945106411702788e+01
1.036945106411702788e+01
1.036945106411702255e+01
1.036945106411703676e+01
1.036945106411702966e+01
1.036945106411702966e+01
1.036945106411703499e+01
1.036945106411702433e+01
1.036945106411702611e+01
1.036945106411702788e+01
1.036945106411702788e+01
1.036945106411702966e+01
1.036945106411702078e+01
1.036945106411702966e+01
1.036945106411702611e+01
1.036945106411703499e+01
1.036945106411704209e+01
1.036945106411703144e+01
1.036945106411702433e+01
1.036945106411703144e+01
1.036945106411703499e+01
1.036945106411702433e+01
1.036945106411701722e+01
1.036945106411703144e+01
1.036945106411704742e+01
1.036945106411702611e+01
1.036945106411704209e+01
1.036945106411703144e+01
1.036945106411703499e+01
1.036945106411703854e+01
1.036945106411703499e+01
1.036945106411703854e+01
1.036945106411702788e+01
1.036945106411702788e+01
1.036945106411703499e+01
1.036945106411702788e+01
1.036945106411703854e+01
1.036945106411704209e+01
1.036945106411703499e+01
1.036945106411703144e+01
1.036945106411704032e+01
1.036945106411703321e+01
1.036945106411704920e+01
1.036945106411703499e+01
1.036945106411704032e+01
1.036945106411702788e+01
1.036945106411705453e+01
1.036945106411704742e+01
1.036945106411705275e+01
1.036945106411705630e+01
1.036945106411704920e+01
1.036945106411704209e+01
1.036945106411705275e+01
1.036945106411703854e+01
1.036945106411703854e+01
1.036945106411705808e+01
1.036945106411705453e+01
1.036945106411705098e+01
1.036945106411706163e+01
1.036945106411705630e+01
1.036945106411705630e+01
1.036945106411705808e+01
1.036945106411704565e+01
1.036945106411707229e+01
1.036945106411706874e+01
1.036945106411706163e+01
1.036945106411706874e+01
1.036945106411705986e+01
1.036945106411705630e+01
1.036945106411705453e+01
1.036945106411706341e+01
1.036945106411704209e+01
1.036945106411706163e+01
1.036945106411705630e+01
1.036945106411705808e+01
1.036945106411706341e+01
1.036945106411706874e+01
1.036945106411705986e+01
1.036945106411707584e+01
1.036945106411706163e+01
1.036945106411705986e+01
1.036945106411706163e+01
1.036945106411706874e+01
1.036945106411704742e+01
1.036945106411705630e+01
1.036945106411707940e+01
1.036945106411708295e+01
1.036945106411707584e+01
1.036945106411706874e+01
1.036945106411706519e+01
1.036945106411707762e+01
1.036945106411708473e+01
1.036945106411708473e+01
1.036945106411708473e+01
1.036945106411709183e+01
1.036945106411710071e+01
1.036945106411706874e+01
1.036945106411708828e+01
1.036945106411709894e+01
1.036945106411708473e+01
1.036945106411709183e+01
1.036945106411708473e+01
1.036945106411709538e+01
1.036945106411710782e+01
1.036945106411710960e+01
1.036945106411708473e+01
1.036945106411710071e+01
1.036945106411708473e+01
1.036945106411710249e+01
1.036945106411710249e+01
1.036945106411708828e+01
1.036945106411711492e+01
1.036945106411709183e+01
1.036945106411709894e+01
1.036945106411710782e+01
1.036945106411709716e+01
1.036945106411710071e+01
1.036945106411710249e+01
1.036945106411709361e+01
1.036945106411709538e+01
1.036945106411710071e+01
1.036945106411710960e+01
1.036945106411711670e+01
1.036945106411711848e+01
1.036945106411710604e+01
1.036945106411711848e+01
1.036945106411710604e+01
1.036945106411711137e+01
1.036945106411710604e+01
1.036945106411711848e+01
1.036945106411712203e+01
1.036945106411711315e+01
1.036945106411712558e+01
1.036945106411712381e+01
1.036945106411712203e+01
1.036945106411713269e+01
1.036945106411712203e+01
1.036945106411712558e+01
1.036945106411712558e+01
1.036945106411712736e+01
1.036945106411713091e+01
1.036945106411710960e+01
1.036945106411713802e+01
1.036945106411713624e+01
1.036945106411713269e+01
1.036945106411712914e+01
1.036945106411714157e+01
1.036945106411712558e+01
1.036945106411713624e+01
1.036945106411712914e+01
1.036945106411712736e+01
1.036945106411713091e+01
1.036945106411714157e+01
1.036945106411714157e+01
1.036945106411715223e+01
1.036945106411714335e+01
1.036945106411714335e+01
1.036945106411713624e+01
1.036945106411715578e+01
1.036945106411715400e+01
1.036945106411714690e+01
1.036945106411715400e+01
1.036945106411713802e+01
1.036945106411715223e+01
1.036945106411715933e+01
1.036945106411714512e+01
1.036945106411715223e+01
1.036945106411714157e+01
1.036945106411714868e+01
1.036945106411713979e+01
1.036945106411714868e+01
1.036945106411714690e+01
1.036945106411714512e+01
1.036945106411713979e+01
1.036945106411714335e+01
1.036945106411713269e+01
1.036945106411715223e+01
1.036945106411714512e+01
1.036945106411713802e+01
1.036945106411716289e+01
1.036945106411714512e+01
1.036945106411715223e+01
1.036945106411716289e+01
1.036945106411715756e+01
1.036945106411715400e+01
1.036945106411714512e+01
1.036945106411716289e+01
1.036945106411715933e+01
1.036945106411715223e+01
1.036945106411715756e+01
1.036945106411715756e+01
1.036945106411715578e+01
1.036945106411715756e+01
1.036945106411716289e+01
1.036945106411715578e+01
1.036945106411715756e+01
1.036945106411715045e+01
1.036945106411714512e+01
1.036945106411715400e+01
1.036945106411714157e+01
1.036945106411716466e+01
1.036945106411714868e+01
1.036945106411715578e+01
1.036945106411716999e+01
1.036945106411716822e+01
1.036945106411716111e+01
1.036945106411716644e+01
1.036945106411716999e+01
1.036945106411716999e+01
1.036945106411717532e+01
1.036945106411716466e+01
1.036945106411717177e+01
1.036945106411717177e+01
1.036945106411716466e+01
1.036945106411717177e+01
1.036945106411716999e+01
1.036945106411716644e+01
1.036945106411715933e+01
1.036945106411716644e+01
1.036945106411716999e+01
1.036945106411718065e+01
1.036945106411716999e+01
1.036945106411716999e+01
1.036945106411717887e+01
1.036945106411717887e+01
1.036945106411716466e+01
1.036945106411718065e+01
1.036945106411718243e+01
1.036945106411716289e+01
1.036945106411717887e+01
1.036945106411717887e+01
1.036945106411716999e+01
1.036945106411717177e+01
1.036945106411717710e+01
1.036945106411718243e+01
1.036945106411718065e+01
1.036945106411717532e+01
1.036945106411717887e+01
1.036945106411717532e+01
1.036945106411717177e+01
1.036945106411717532e+01
1.036945106411718243e+01
1.036945106411718420e+01
1.036945106411717532e+01
1.036945106411717887e+01
1.036945106411716999e+01
1.036945106411718598e+01
1.036945106411717354e+01
1.036945106411718243e+01
1.036945106411718953e+01
1.036945106411718243e+01
1.036945106411718243e+01
1.036945106411718598e+01
1.036945106411718420e+01
1.036945106411718420e+01
1.036945106411719664e+01
1.036945106411719308e+01
1.036945106411718776e+01
1.036945106411717887e+01
1.036945106411717887e+01
1.036945106411718420e+01
1.036945106411719486e+01
1.036945106411718776e+01
1.036945106411718776e+01
1.036945106411719841e+01
1.036945106411717887e+01
1.036945106411719308e+01
