-1.500000000000e+01 2.550737399076e-14
-1.488235294118e+01 1.973421426271e-14
-1.476470588235e+01 1.565414464721e-14
-1.464705882353e+01 1.212918654403e-14
-1.452941176471e+01 8.826273045770e-15
-1.441176470588e+01 5.634381849973e-15
-1.429411764706e+01 2.414735078560e-15
-1.417647058824e+01 2.775557561563e-16
-1.405882352941e+01 2.359223927328e-15
-1.394117647059e+01 3.747002708110e-15
-1.382352941176e+01 4.302114220422e-15
-1.370588235294e+01 4.191091917960e-15
-1.358823529412e+01 3.275157922644e-15
-1.347058823529e+01 1.804112415016e-15
-1.335294117647e+01 1.942890293094e-16
-1.323529411765e+01 2.442490654175e-15
-1.311764705882e+01 4.801714581504e-15
-1.300000000000e+01 7.188694084448e-15
-1.288235294118e+01 9.381384558083e-15
-1.276470588235e+01 1.129651927556e-14
-1.264705882353e+01 1.276756478319e-14
-1.252941176471e+01 1.362798762727e-14
-1.241176470588e+01 1.385003223220e-14
-1.229411764706e+01 1.340594302235e-14
-1.217647058824e+01 1.218469769526e-14
-1.205882352941e+01 1.010302952409e-14
-1.194117647059e+01 6.689093723367e-15
-1.182352941176e+01 1.082467449010e-15
-1.170588235294e+01 8.937295348233e-15
-1.158823529412e+01 2.811639809863e-14
-1.147058823529e+01 6.621092563108e-14
-1.135294117647e+01 1.423861029082e-13
-1.123529411765e+01 2.910449659055e-13
-1.111764705882e+01 5.912492717641e-13
-1.100000000000e+01 1.053601650369e-12
-1.088235294118e+01 1.004155092410e-12
-1.076470588235e+01 5.406231018412e-13
-1.064705882353e+01 1.600872212570e-13
-1.052941176471e+01 9.153441893339e-13
-1.041176470588e+01 1.574518293523e-12
-1.029411764706e+01 2.031434048755e-12
-1.017647058824e+01 2.221396677715e-12
-1.005882352941e+01 2.110794178334e-12
-9.941176470588e+00 1.691686721261e-12
-9.823529411765e+00 9.944406409446e-13
-9.705882352941e+00 1.369763677483e-13
-9.588235294118e+00 5.693527246886e-13
-9.470588235294e+00 4.403461102698e-13
-9.352941176471e+00 1.690896988399e-12
-9.235294117647e+00 4.087089520988e-11
-9.117647058824e+00 1.065657525331e-10
-9.000000000000e+00 1.330648004977e-11
-8.882352941176e+00 2.529029275496e-11
-8.764705882353e+00 1.540176030603e-10
-8.647058823529e+00 4.389221195023e-10
-8.529411764706e+00 8.799291511901e-10
-8.411764705882e+00 1.855146186131e-09
-8.294117647059e+00 4.216263819236e-09
-8.176470588235e+00 9.554687063157e-09
-8.058823529412e+00 2.101106386813e-08
-7.941176470588e+00 4.512631304943e-08
-7.823529411765e+00 9.557211719625e-08
-7.705882352941e+00 1.998856833015e-07
-7.588235294118e+00 4.107346065608e-07
-7.470588235294e+00 8.309866380718e-07
-7.352941176471e+00 1.656483761524e-06
-7.235294117647e+00 3.245107811398e-06
-7.117647058824e+00 6.251151991637e-06
-7.000000000000e+00 1.184353355820e-05
-6.882352941176e+00 2.206661833748e-05
-6.764705882353e+00 4.042131999840e-05
-6.647058823529e+00 7.277474325980e-05
-6.529411764706e+00 1.287425189993e-04
-6.411764705882e+00 2.237288773129e-04
-6.294117647059e+00 3.818043170476e-04
-6.176470588235e+00 6.396431230895e-04
-6.058823529412e+00 1.051626923439e-03
-5.941176470588e+00 1.696085436456e-03
-5.823529411765e+00 2.682344813882e-03
-5.705882352941e+00 4.157790450691e-03
-5.588235294118e+00 6.313513592014e-03
-5.470588235294e+00 9.386351098591e-03
-5.352941176471e+00 1.365442098828e-02
-5.235294117647e+00 1.942287520785e-02
-5.117647058824e+00 2.699711044614e-02
-5.000000000000e+00 3.664265834518e-02
-4.882352941176e+00 4.853490662245e-02
-4.764705882353e+00 6.270734913770e-02
-4.647058823529e+00 7.901242746014e-02
-4.529411764706e+00 9.711080811472e-02
-4.411764705882e+00 1.164997601937e-01
-4.294117647059e+00 1.365787722971e-01
-4.176470588235e+00 1.567359730225e-01
-4.058823529412e+00 1.764304743598e-01
-3.941176470588e+00 1.952488178350e-01
-3.823529411765e+00 2.129259347147e-01
-3.705882352941e+00 2.293346674189e-01
-3.588235294118e+00 2.444560202425e-01
-3.470588235294e+00 2.583434152003e-01
-3.352941176471e+00 2.710903364810e-01
-3.235294117647e+00 2.828058980712e-01
-3.117647058824e+00 2.935989839597e-01
-3.000000000000e+00 3.035695228852e-01
-2.882352941176e+00 3.128047930696e-01
-2.764705882353e+00 3.213788120880e-01
-2.647058823529e+00 3.293533267646e-01
-2.529411764706e+00 3.367795302102e-01
-2.411764705882e+00 3.436998432255e-01
-2.294117647059e+00 3.501495657358e-01
-2.176470588235e+00 3.561582730643e-01
-2.058823529412e+00 3.617509428950e-01
-1.941176470588e+00 3.669488414958e-01
-1.823529411765e+00 3.717702093462e-01
-1.705882352941e+00 3.762307965607e-01
-1.588235294118e+00 3.803442685421e-01
-1.470588235294e+00 3.841225272906e-01
-1.352941176471e+00 3.875759625771e-01
-1.235294117647e+00 3.907136504175e-01
-1.117647058824e+00 3.935435117552e-01
-1.000000000000e+00 3.960724401457e-01
-8.823529411765e-01 3.983064048235e-01
-7.647058823529e-01 4.002505378329e-01
-6.470588235294e-01 4.019091995637e-01
-5.294117647059e-01 4.032860353827e-01
-4.117647058824e-01 4.043840205721e-01
-2.941176470588e-01 4.052054956298e-01
-1.764705882353e-01 4.057521932414e-01
-5.882352941176e-02 4.060252576266e-01
5.882352941176e-02 4.060252576268e-01
1.764705882353e-01 4.057521932417e-01
2.941176470588e-01 4.052054956301e-01
4.117647058824e-01 4.043840205725e-01
5.294117647059e-01 4.032860353824e-01
6.470588235294e-01 4.019091995635e-01
7.647058823529e-01 4.002505378327e-01
8.823529411765e-01 3.983064048234e-01
1.000000000000e+00 3.960724401459e-01
1.117647058824e+00 3.935435117554e-01
1.235294117647e+00 3.907136504178e-01
1.352941176471e+00 3.875759625775e-01
1.470588235294e+00 3.841225272904e-01
1.588235294118e+00 3.803442685420e-01
1.705882352941e+00 3.762307965606e-01
1.823529411765e+00 3.717702093461e-01
1.941176470588e+00 3.669488414955e-01
2.058823529412e+00 3.617509428948e-01
2.176470588235e+00 3.561582730641e-01
2.294117647059e+00 3.501495657357e-01
2.411764705882e+00 3.436998432249e-01
2.529411764706e+00 3.367795302097e-01
2.647058823529e+00 3.293533267641e-01
2.764705882353e+00 3.213788120876e-01
2.882352941176e+00 3.128047930691e-01
3.000000000000e+00 3.035695228848e-01
3.117647058824e+00 2.935989839594e-01
3.235294117647e+00 2.828058980711e-01
3.352941176471e+00 2.710903364807e-01
3.470588235294e+00 2.583434152002e-01
3.588235294118e+00 2.444560202425e-01
3.705882352941e+00 2.293346674191e-01
3.823529411765e+00 2.129259347145e-01
3.941176470588e+00 1.952488178349e-01
4.058823529412e+00 1.764304743599e-01
4.176470588235e+00 1.567359730229e-01
4.294117647059e+00 1.365787722974e-01
4.411764705882e+00 1.164997601941e-01
4.529411764706e+00 9.711080811531e-02
4.647058823529e+00 7.901242746079e-02
4.764705882353e+00 6.270734913916e-02
4.882352941176e+00 4.853490662360e-02
5.000000000000e+00 3.664265834598e-02
5.117647058824e+00 2.699711044654e-02
5.235294117647e+00 1.942287520788e-02
5.352941176471e+00 1.365442098792e-02
5.470588235294e+00 9.386351097857e-03
5.588235294118e+00 6.313513590955e-03
5.705882352941e+00 4.157790451126e-03
5.823529411765e+00 2.682344814192e-03
5.941176470588e+00 1.696085436668e-03
6.058823529412e+00 1.051626923574e-03
6.176470588235e+00 6.396431231671e-04
6.294117647059e+00 3.818043170748e-04
6.411764705882e+00 2.237288772964e-04
6.529411764706e+00 1.287425189409e-04
6.647058823529e+00 7.277474331400e-05
6.764705882353e+00 4.042132004500e-05
6.882352941176e+00 2.206661837834e-05
7.000000000000e+00 1.184353359388e-05
7.117647058824e+00 6.251152023219e-06
7.235294117647e+00 3.245107839741e-06
7.352941176471e+00 1.656483787932e-06
7.470588235294e+00 8.309866638809e-07
7.588235294118e+00 4.107346257846e-07
7.705882352941e+00 1.998857032690e-07
7.823529411765e+00 9.557213482875e-08
7.941176470588e+00 4.512632626591e-08
8.058823529412e+00 2.101107133487e-08
8.176470588235e+00 9.554688228713e-09
8.294117647059e+00 4.216258799285e-09
8.411764705882e+00 1.855135704911e-09
8.529411764706e+00 8.799145204781e-10
8.647058823529e+00 4.389048717431e-10
8.764705882353e+00 1.539994682611e-10
8.882352941176e+00 2.530764438074e-11
9.000000000000e+00 1.332156097673e-11
9.117647058824e+00 1.065542119599e-10
9.235294117647e+00 4.087800974453e-11
9.352941176471e+00 1.688818355994e-12
9.470588235294e+00 4.361103492223e-13
9.588235294118e+00 5.597727142925e-13
9.705882352941e+00 1.516816186542e-13
9.823529411765e+00 1.013791481319e-12
9.941176470588e+00 1.714895586646e-12
1.005882352941e+01 2.136825438814e-12
1.017647058824e+01 2.249055108816e-12
1.029411764706e+01 2.059498405149e-12
1.041176470588e+01 1.601871413293e-12
1.052941176471e+01 9.411013635052e-13
1.064705882353e+01 1.837419105755e-13
1.076470588235e+01 5.191541641025e-13
1.088235294118e+01 9.844208781473e-13
1.100000000000e+01 1.034977659131e-12
1.111764705882e+01 5.726252805260e-13
1.123529411765e+01 3.105987689267e-13
1.135294117647e+01 1.580124919798e-13
1.147058823529e+01 8.744394097704e-14
1.158823529412e+01 5.470623953840e-14
1.170588235294e+01 4.121702978921e-14
1.182352941176e+01 3.713696017371e-14
1.194117647059e+01 3.744227150548e-14
1.205882352941e+01 3.977373985720e-14
1.217647058824e+01 4.277134202368e-14
1.229411764706e+01 4.582445534140e-14
1.241176470588e+01 4.854450175173e-14
1.252941176471e+01 5.068168107414e-14
1.264705882353e+01 5.231926003546e-14
1.276470588235e+01 5.351274978693e-14
1.288235294118e+01 5.431766147979e-14
1.300000000000e+01 5.470623953840e-14
1.311764705882e+01 5.481726184087e-14
1.323529411765e+01 5.478950626525e-14
1.335294117647e+01 5.465072838717e-14
1.347058823529e+01 5.442868378225e-14
1.358823529412e+01 5.423439475294e-14
1.370588235294e+01 5.423439475294e-14
1.382352941176e+01 5.431766147979e-14
1.394117647059e+01 5.462297281156e-14
1.405882352941e+01 5.503930644579e-14
1.417647058824e+01 5.562217353372e-14
1.429411764706e+01 5.631606292411e-14
1.441176470588e+01 5.695444116327e-14
1.452941176471e+01 5.759281940243e-14
1.464705882353e+01 5.784261958297e-14
1.476470588235e+01 5.770384170489e-14
1.488235294118e+01 5.662137425588e-14
1.500000000000e+01 5.412337245048e-14
